ranking,countryname,count,gdp
1,America,2740353,1.55E+13
2,China,456219,7.32E+12
3,Japan,406982,5.90E+12
5,France,913474,2.78E+12
7,Brazil,194354,2.48E+12
9,Italy,476817,2.20E+12
10,India,1606035,1.87E+12
11,Canada,500419,1.78E+12
12,Australia,523338,1.39E+12
13,Spain,279435,1.45E+12
15,Mexico,444483,1.16E+12
16,Indonesia,114565,8.46E+11
17,Turkey,311324,7.75E+11
18,Netherlands,108112,8.32E+11
20,Switzerland,114883,6.57E+11
21,Argentina,116306,4.46E+11
22,Sweden,92282,5.36E+11
23,Nigeria,36098,2.46E+11
24,Poland,109358,5.16E+11
25,Norway,97806,4.91E+11
26,Belgium,108262,5.13E+11
28,Austria,169732,4.16E+11
29,Thailand,94332,3.46E+11
31,Colombia,67617,3.37E+11
34,Denmark,68758,3.34E+11
35,Malaysia,79866,2.89E+11
36,Singapore,94845,2.45E+11
37,Israel,193048,2.58E+11
38,Chile,93133,2.51E+11
40,Philippines,84401,2.24E+11
42,Finland,75419,2.62E+11
43,Greece,101118,2.90E+11
44,Pakistan,78573,2.14E+11
45,Kazakhstan,12977,1.88E+11
46,Iraq,69274,1.81E+11
47,Portugal,147798,2.38E+11
48,Ireland,246163,2.26E+11
49,Algeria,22912,1.99E+11
50,Qatar,24190,1.71E+11
51,Peru,121837,1.81E+11
53,Romania,66376,1.90E+11
54,Kuwait,21811,1.61E+11
56,Ukraine,55395,1.63E+11
57,Vietnam,90890,1.36E+11
58,Bangladesh,29478,1.12E+11
59,Hungary,66624,1.37E+11
60,Angola,13747,1.04E+11
61,Morocco,36538,99211339029
64,Ecuador,28690,76769729000
65,Oman,16539,69971912138
66,Libya,35266,1292696476
67,Azerbaijan,11771,65952763949
68,Belarus,17099,64271575245
69,Cuba,83611,68233900000
71,Sudan,25617,63997129027
73,Luxembourg,32851,57957916667
74,Croatia,65131,61789184184
75,Uzbekistan,7716,45324317482
76,Uruguay,23468,46434697451
77,Guatemala,38266,47688885121
78,Bulgaria,39271,53544649410
81,Ghana,57400,39564970070
82,Tunisia,19484,46434616144
83,Ethiopia,22384,29946934090
84,Slovenia,31610,50250208507
85,Lebanon,53222,40094328358
86,Kenya,52234,33620684016
87,Panama,76875,31315800000
88,Serbia,32327,43291846196
89,Lithuania,21377,42872072871
90,Turkmenistan,6312,29233333333
92,Jordan,162573,28840197019
93,Tanzania,24150,23874165047
94,Bahrain,21064,29044457920
97,Bolivia,21985,23948670618
98,Paraguay,12750,26007966687
99,Cameroon,11626,25486923059
100,Latvia,19739,28480338368
102,Estonia,21518,22522780938
104,Cyprus,28926,24851264943
105,Zambia,12856,19204037684
106,Uganda,24274,16822413295
107,Afghanistan,61063,17870159082
108,Gabon,5974,18759558560
109,Nepal,28647,19123129346
110,Honduras,18303,17588097150
112,Georgia,527693,14434619972
115,Mozambique,10202,12568440513
117,Cambodia,24710,12829541141
118,Senegal,26823,14440676498
119,Botswana,15117,15292424757
120,Iceland,31837,14046371410
121,Jamaica,79261,14402486059
124,Chad,67818,12156380062
125,Albania,14671,12959563902
126,Zimbabwe,19226,8865427917
127,Namibia,19307,12623100410
128,Mauritius,15287,11250559553
130,Mongolia,18412,8761426371
130,Mongolia,18412,8761426371
131,Nicaragua,18839,9635568028
133,Mali,124616,10656395534
134,Madagascar,17900,9911781297
135,Armenia,23092,10142408118
137,Malta,37376,9151793161
138,Tajikistan,4663,6522590721
139,Haiti,36283,7346156703
140,Benin,8648,7294900431
142,Moldova,10408,7015201446
143,Rwanda,9209,6354119344
144,Niger,7607,6411842066
146,Kosovo,6105,6636703418
147,Guinea,31820,5067360041
148,Monaco,41743,6074506533
149,Bermuda,35725,5550771000
149,Bermuda,35725,5550771000
150,Suriname,6035,4363219094
152,Montenegro,11690,4501811520
152,Montenegro,11690,4501811520
153,Togo,7338,3685781120
154,Barbados,29052,4368900000
155,Mauritania,5248,4273232648
156,Fiji,22959,3753485389
157,Swaziland,6018,3969078027
158,Malawi,11251,5621000678
159,Eritrea,4788,2607739837
160,Guyana,7285,2576731667
161,Burundi,5021,2355652064
162,Aruba,28777,2584463687
163,Maldives,15186,2153636963
164,Lesotho,4737,2524534245
165,Liberia,9757,1537753885
167,Bhutan,6063,1833738376
168,Timor-Leste,1858,1128300000
169,Belize,35935,1493100000
171,Djibouti,4161,708633194
173,Seychelles,10227,1074584860
178,Vanuatu,6328,786294694.3
179,Grenada,11566,816054406.7
182,Samoa,10139,630129114
183,Comoros,2352,610372697.4
184,Dominica,73959,484137160
185,Tonga,9192,423038016.9
188,Palau,6999,212903319.8
190,Kiribati,2564,172253739
191,Tuvalu,2306,39313508.69
